The weights of three layers MLP
32 8
-0.053984 0.539722 0.289756
0.487871 -0.045433 0.062569
0.177213 -0.029138 0.541973
0.116512 0.118248 0.534264
0.444828 0.394429 0.425313
0.631236 -0.067481 -0.064534
0.475521 -0.111754 0.169588
0.001371 0.207279 0.300991
0.286533 0.585693 0.060910
0.037919 0.269728 0.406266
0.440973 0.431206 0.434830
0.610665 0.418750 0.169269
0.370098 0.030319 0.405576
0.360909 0.033996 0.363039
-0.273354 0.086274 0.070428
-0.264151 -0.007023 -0.169784
0.185826 0.434004 0.186887
-0.159979 -0.425757 -0.219977
0.212499 0.386598 0.372157
0.330240 0.092884 0.281079
0.043134 0.351557 0.390508
0.485517 0.178590 -0.012558
0.548069 0.384797 0.296631
0.609097 -0.007890 -0.081131
-0.050273 0.516914 0.242301
-0.007119 0.663950 0.059805
0.226080 -0.043751 0.456334
0.248438 0.064032 0.233424
0.248380 0.046509 0.515301
0.215837 -0.015673 0.429677
0.412613 0.136430 0.285439
-0.021002 0.629563 0.595336
0.299137
0.125861
0.321376
0.242177
0.089685
0.213243
0.247369
0.213356
0.196887
0.235126
0.098012
0.155183
0.206292
0.168335
-0.137384
-0.167422
0.147941
-0.113456
0.186848
0.215121
0.270270
0.227668
0.158546
0.255735
0.109499
0.357742
0.075231
0.340304
0.172668
0.349086
0.180358
0.147772
-0.846813 -0.377475 -0.560964 -0.311462 -0.295920 -0.143186 -0.616385 -0.423434 -0.481121 -0.647552 -0.554523 -0.638023 -0.385131 -0.570219 0.184737 0.217988 -0.398157 -0.061678 -0.683536 -0.330704 -0.473334 -0.174541 -0.462360 -0.142575 -0.324956 -0.807737 -0.069456 -0.727692 -0.594568 -0.510188 -0.510585 -0.059308
-0.676206 -0.584626 -0.699348 -0.362931 -0.096368 -0.593414 -0.630015 -0.790027 -0.388676 -0.270193 -0.041552 -0.450878 -0.615834 -0.494425 -0.500572 -0.224705 -0.113618 -0.266598 -0.731990 -0.314637 -0.566891 -0.682396 -0.402885 -0.793034 -0.468053 -0.155373 -0.297836 -0.678002 -0.676996 -0.220627 -0.173399 -0.355132
-0.522385 -0.388418 -0.723592 -0.141621 -0.282691 -0.437786 -0.774390 -0.154214 -0.705489 -0.710813 -0.113292 -0.708795 -0.585639 -0.571157 -0.296733 -0.475982 -0.677512 0.212021 -0.079293 -0.508573 -0.243986 -0.118142 -0.544050 -0.531802 -0.717077 -0.155866 -0.630958 -0.450811 -0.103579 -0.661114 -0.708616 -0.216445
0.298028 0.209114 0.381581 0.377696 0.283301 0.686747 0.569592 0.420667 0.267953 0.209706 0.280975 0.420444 0.361768 0.708847 0.234275 0.108476 0.207689 -0.038332 0.254841 0.307645 0.769011 0.535957 0.703269 0.511581 0.110516 0.768766 0.170373 0.650865 0.682648 0.578794 0.431074 0.643037
0.212161 0.228444 0.782908 0.448727 0.668886 0.516141 0.352671 0.767154 0.670625 0.874911 0.342865 0.680135 0.539289 0.014066 0.220886 -0.050056 0.736251 0.295158 0.417491 0.149560 0.428614 0.413958 0.635895 0.389705 0.701729 0.342603 0.717025 0.670830 0.234869 0.371106 0.443695 0.723178
0.595386 0.371148 0.800412 0.215496 0.700717 0.677762 0.519657 0.260359 0.580921 0.568107 0.172114 0.814660 0.885205 0.611564 0.663081 0.420656 0.143053 0.221918 0.683858 0.464104 0.356531 0.669285 0.305977 0.649085 0.672570 0.224510 0.200045 0.437495 0.334306 0.717788 0.147299 0.222731
0.304475 0.662410 0.554305 0.840021 0.272340 0.111242 0.598463 0.773185 0.709677 0.486225 0.173904 0.034076 0.086540 0.315234 -0.001916 -0.183676 0.569129 0.201067 0.200973 0.511884 0.183201 0.418415 0.288376 0.791229 0.407692 0.383367 0.762564 0.450594 0.164825 0.495151 0.732818 0.797445
0.679060 0.248966 0.467044 0.667182 0.355562 0.359283 0.312417 0.241986 0.331411 0.496907 0.381434 0.301918 0.422540 0.719285 -0.105337 -0.195335 0.398368 -0.178977 0.371060 0.616180 0.419768 0.711031 0.113327 0.548410 0.383610 0.652637 0.293313 0.235521 0.571378 0.713159 0.414046 0.227107
-0.316064
-0.311379
-0.326236
0.372710
0.325223
0.433963
0.383788
0.395697
-0.550022 -0.009921 0.281106 0.748646 1.223422 0.667999 1.183230 0.644417
-0.605477 -0.325715 -0.259613 1.324315 0.505477 0.633849 0.837001 1.251193
0.628725
0.632931
