The weights of three layers MLP
32 8
0.490221 0.389681 0.298425
0.430910 0.376515 0.150138
0.008283 0.083215 0.684852
0.047511 0.574941 0.291121
0.034196 0.282486 0.543754
0.079448 0.092099 0.509407
0.211918 0.495105 0.107999
0.408618 0.395282 0.389562
-0.413700 -0.509145 0.173236
0.264583 -0.063324 -0.247821
0.197963 0.268553 0.117957
0.064247 0.278310 0.174979
0.351756 0.046282 0.333238
0.312400 0.010231 0.168471
0.084640 0.185345 0.500042
-0.051971 0.198984 0.445930
0.014080 0.187209 0.590494
0.030875 0.589673 0.236244
0.063979 -0.081764 0.418272
0.454289 -0.006463 0.293250
0.347735 0.207974 -0.119360
-0.110378 0.626637 0.298826
0.077520 0.354923 0.283205
0.451296 0.196055 -0.085698
0.282874 0.558609 0.281379
-0.395505 -0.544409 0.033441
0.534413 -0.170855 -0.105659
0.315964 0.198927 0.073497
0.318450 0.171032 0.147144
-0.271829 -0.583845 -0.509273
-0.054349 0.209848 0.273467
-0.056342 0.256836 0.482310
0.144752
0.217808
0.234019
0.156500
0.269158
0.317702
0.204563
0.202503
-0.148346
-0.104399
0.338058
0.450073
0.243955
0.078721
0.290301
0.177300
0.235933
0.257886
0.165058
0.216004
0.035849
0.269202
0.331813
0.226183
0.206017
-0.104860
0.139358
0.355050
-0.100327
-0.103207
0.188202
0.320160
0.265606 0.357466 0.102040 0.709479 0.281091 0.169822 0.336476 0.255995 -0.229225 -0.053994 0.695702 0.815004 0.621001 0.635296 0.363985 0.690518 0.290783 0.658817 0.173271 0.031319 0.658923 0.036307 0.427700 0.027523 0.404387 -0.000894 0.763263 0.159396 0.415992 -0.110093 0.749238 -0.036086
-0.191870 -0.171209 -0.689120 -0.226112 -0.567035 -0.334722 -0.728004 -0.813832 0.131253 -0.028121 -0.745979 -0.856517 -0.394409 -0.501410 -0.254929 -0.205882 -0.220734 -0.614845 -0.592945 -0.167766 -0.267570 -0.237189 -0.468416 -0.668192 -0.711468 -0.182376 -0.204742 -0.722431 -0.192733 0.072612 -0.194242 -0.591329
-0.617429 -0.438257 -0.505653 -0.283331 -0.151631 -0.392774 -0.084543 -0.443755 -0.062602 -0.595347 -0.597296 -0.601127 -0.270460 -0.579054 -0.556863 -0.541041 -0.777358 -0.357374 -0.656571 -0.480948 -0.332227 -0.545844 -0.235073 -0.495751 0.000395 -0.517878 -0.403770 -0.763461 -0.394144 0.376722 -0.405131 -0.561342
0.507020 0.453680 0.703837 0.694304 0.539821 0.454857 0.332045 0.458354 0.386291 0.047712 0.681649 0.706584 0.822210 0.395146 0.598855 0.321421 0.144165 0.405925 0.208657 0.048772 0.118226 0.782614 0.665765 0.793645 0.504748 -0.252283 0.154002 0.326464 0.683671 0.257316 0.145801 0.396369
-0.007397 -0.673662 -0.118195 -0.256685 -0.754029 -0.723124 -0.439106 -0.567977 -0.122167 -0.135860 -0.581208 -0.550865 -0.679004 -0.047370 -0.704233 -0.880488 -0.090890 -0.364868 -0.794540 -0.581915 -0.459110 -0.476489 -0.834137 -0.205128 -0.536214 -0.381329 0.056852 -0.794385 -0.172903 -0.262006 -0.306483 -0.795346
-0.573424 -0.309755 -0.526169 -0.138268 -0.696401 -0.681459 -0.210767 -0.407836 0.106784 -0.277110 -0.332200 -0.771010 -0.480936 -0.075488 -0.142074 -0.496293 -0.351749 -0.662388 -0.323237 -0.798775 -0.169402 -0.459023 -0.770791 -0.523395 -0.639813 0.201329 -0.155784 -0.602172 -0.043846 -0.120946 -0.400667 -0.772846
0.552316 0.278459 0.627746 0.755640 0.292188 0.896921 0.812787 0.316470 -0.107846 -0.059898 0.802697 0.534633 0.162566 0.127657 0.831160 0.199213 0.808307 0.584670 0.465659 0.416037 0.437575 0.284765 0.900607 0.636676 0.361363 -0.208533 0.018756 0.332971 0.017076 -0.050865 0.485036 0.684545
0.278126 0.678510 0.335704 0.172425 0.764254 0.683471 0.286999 0.598809 0.376291 0.604441 0.552394 0.487868 0.809877 0.435647 0.438462 0.635782 0.747439 0.230316 0.372476 0.450664 0.145554 0.791888 0.425594 0.671002 0.692526 -0.068679 0.502601 0.864066 0.091036 -0.077105 0.173129 0.279523
0.285547
-0.440698
-0.367299
0.394115
-0.373862
-0.408795
0.393992
0.422494
-0.071986 -0.576840 -0.088521 0.173148 -0.244315 -0.438184 1.354331 1.060187
0.837084 0.084080 -0.491836 1.030867 -0.085048 -0.435793 1.134528 0.787313
0.641583
0.532228
