The weights of three layers MLP
32 8
0.153228 -0.007679 0.384120
0.402795 0.644515 -0.134822
0.338148 0.271975 0.102041
0.140536 0.322183 0.461182
0.462290 0.327367 0.429643
0.274753 0.068159 0.287162
0.535952 0.101951 0.183735
0.385605 0.043035 0.130768
0.407427 0.492272 0.552986
-0.028962 0.556403 0.446280
0.224901 0.289189 0.175632
0.178835 0.171463 -0.138128
-0.311159 0.116038 -0.048334
0.296613 -0.125741 0.474604
0.380652 0.301468 0.487761
0.365719 0.457603 0.290441
0.589130 -0.000741 0.131571
0.031318 0.587068 0.095532
0.270047 0.156622 0.213957
0.423133 0.438956 0.223617
0.193472 0.392977 0.600132
0.156725 -0.365914 -0.264170
-0.010668 0.157469 0.310928
0.096862 -0.120863 0.435753
0.443139 0.126705 0.313415
0.572114 0.008432 0.050210
-0.074834 0.247280 0.146264
0.020438 -0.031178 -0.545376
0.661881 0.210173 0.044823
0.050931 0.453782 0.160248
0.133421 -0.034909 0.467910
0.112098 0.052018 0.494707
0.363998
0.209114
0.368770
0.224104
0.187053
0.344443
0.137810
0.333718
0.037860
0.083374
0.410875
-0.016098
-0.128984
0.210776
0.071679
0.175114
0.201653
0.386856
0.299952
0.109089
0.061439
-0.177176
0.164616
0.013586
0.175091
0.236504
0.190144
-0.240657
0.218841
0.187890
0.078089
0.147677
-0.922686 -0.443315 -0.345748 -0.452580 -0.389716 -0.279937 -0.539806 -0.546962 -0.486105 -0.692061 -0.565260 0.075973 -0.088268 -0.130730 -0.667042 -0.592241 -0.519173 -0.557033 -0.292309 -0.019356 -0.313938 -0.138271 -0.171537 0.077907 -0.256463 -0.067058 -0.691475 -0.120694 -0.582107 -0.536835 -0.406480 -0.215483
-0.702539 -0.500406 -0.637793 -0.701027 -0.340323 -0.923248 -0.407117 -0.368578 -0.591648 -0.440618 -0.560593 -0.188058 -0.287510 -0.384535 -0.392420 -0.682794 -0.639105 -0.169038 -0.234095 -0.388154 -0.653234 -0.296868 -0.412362 -0.173255 -0.636880 -0.500628 -0.600300 -0.278231 -0.646967 -0.242383 -0.211509 -0.380804
0.181776 0.021300 0.691065 0.430404 0.409178 0.176727 0.736895 0.591253 0.259646 0.751641 0.808618 0.319007 -0.090892 0.373470 0.680049 0.611606 0.652726 0.448367 0.520181 0.249820 0.678802 0.430201 0.237464 0.658939 0.290309 0.160782 0.117879 -0.165206 0.662513 0.527593 0.570186 0.132504
0.667364 0.223244 0.400020 0.754623 0.339482 0.705779 0.491319 0.651582 0.087902 0.676986 0.190536 0.567571 0.551135 0.671984 0.584445 0.555208 0.749828 0.563496 0.232605 0.438397 0.401240 0.342283 0.138352 -0.010281 0.666528 0.561725 0.186414 0.316685 0.027509 0.845721 0.159810 0.306745
0.295391 0.471177 0.698934 0.337194 0.167927 0.839068 0.625273 0.713992 0.511762 0.008939 0.886790 0.097185 0.400575 0.404388 0.483276 0.550720 0.051362 0.685032 0.847261 0.217711 0.088979 0.587687 0.383659 0.239907 0.515912 0.759097 0.804600 0.259852 0.123365 0.075553 0.593279 0.336509
0.422887 0.325849 0.641134 0.302908 0.519189 0.613238 0.293749 0.189140 0.363886 0.026056 0.488351 0.402090 -0.178932 0.093424 0.023108 0.467172 0.157151 0.356211 0.550746 0.455758 0.023465 -0.187358 0.619308 0.602622 0.266051 0.607801 -0.086603 -0.164253 0.251499 0.331857 -0.017334 0.592959
0.409530 0.694003 0.435103 0.108619 0.603354 0.796056 0.150162 0.475844 0.694411 0.096659 0.305191 -0.061896 0.502494 0.782598 0.258985 0.187064 0.725415 0.864092 0.457436 0.632876 0.491620 -0.146907 0.237081 0.111321 0.297873 0.190150 0.177187 -0.193076 0.578922 0.216804 0.035687 0.623067
0.897552 0.357208 0.603905 0.256918 0.563078 0.373310 0.000646 0.474261 0.005184 0.520961 0.629203 0.162023 -0.175156 0.314453 0.262426 0.307725 0.371654 0.535286 0.143206 0.217611 0.618197 -0.157017 0.309223 0.061122 0.121524 0.477468 0.568991 0.026773 0.574047 0.715980 0.438357 0.082116
-0.305135
-0.307436
0.355334
0.385234
0.325052
0.244920
0.344653
0.319833
0.138121 -0.411478 0.466369 0.677549 0.872971 0.096327 -0.062727 1.323916
-0.544838 -0.308852 0.960579 0.729484 0.979942 0.711853 1.253471 -0.083626
0.650080
0.571038
