The weights of three layers MLP
32 8
-0.149667 0.738226 0.561157
0.017078 -0.582766 -0.568910
0.469214 0.663559 0.000588
0.219283 0.227190 0.509122
0.337420 0.392456 -0.116044
0.472894 0.627087 0.111723
0.053998 0.620568 0.243700
-0.583823 -0.592300 -0.041366
0.608014 0.401384 -0.023879
0.197323 0.285894 0.524415
-0.108183 -0.200308 -0.147215
0.463854 0.168213 -0.037150
-0.107081 0.413814 0.288226
0.030987 0.625745 0.599505
-0.045568 0.322244 0.770599
0.466419 0.542726 -0.003034
-0.008103 0.328563 0.697923
-0.555593 -0.398775 -0.574102
0.117558 0.521556 0.400537
0.637685 0.090198 -0.018219
0.001747 0.607202 0.489924
0.082872 0.236728 0.391899
0.707087 -0.049615 0.358592
0.127055 0.321764 -0.100711
0.073488 0.201694 0.397721
0.022035 0.724705 0.220763
0.455118 0.019446 0.453128
-0.129180 0.615087 0.613011
0.016713 -0.725347 -0.380188
0.012695 -0.400066 0.000619
0.267348 0.526825 -0.011453
0.153474 0.131561 0.458188
0.278480
-0.047229
0.257031
0.270225
0.277320
0.117050
0.364635
-0.191916
0.276746
0.188668
-0.225588
0.190770
0.153513
0.072949
0.316005
0.273261
0.340637
-0.161416
0.201886
0.337758
0.249687
0.195313
0.259189
-0.023921
0.396562
0.338579
0.100966
0.204690
-0.254972
-0.185550
0.287693
0.305044
0.500515 -0.175259 0.127346 0.543438 0.020455 0.727937 0.496676 0.291288 0.421424 0.265397 0.315816 0.298302 0.149811 0.541029 0.652836 0.139920 0.876148 -0.095781 0.185978 0.726367 0.495750 0.168663 0.311059 0.560901 0.734857 0.711671 0.725775 0.823261 0.006345 0.020317 0.833778 0.677335
0.562926 -0.172498 0.495310 0.632999 0.264078 0.052358 0.203312 -0.278727 0.501469 0.060133 0.568593 0.248574 0.517467 0.758913 0.214779 0.560130 0.740128 -0.258635 0.718245 0.683691 0.693460 0.731107 0.755821 0.046588 0.798626 0.304059 0.263275 0.098563 0.000169 0.199740 0.486379 0.779447
0.433941 -0.359285 0.761777 0.688093 0.106021 0.677730 0.794644 -0.166414 0.573588 0.756088 0.426283 0.471922 0.336743 0.669631 0.338884 0.645966 0.838679 -0.169883 0.541442 0.657789 0.163011 0.297682 0.153424 0.403511 0.269346 0.733461 0.056889 0.553777 0.156688 0.166333 0.399291 0.514858
-0.498039 0.274708 -0.342541 -0.746332 -0.308074 -0.410848 -0.863550 0.257941 -0.495383 -0.599698 0.066352 0.020797 -0.775675 -0.533603 -0.688057 -0.278805 -0.211671 -0.375923 -0.569745 -0.265314 -0.058175 -0.292486 -0.280336 -0.606740 -0.324651 -0.793956 -0.181595 -0.267861 0.194164 -0.135453 -0.362770 -0.793992
0.202812 0.176236 0.712886 0.686304 0.635783 0.181210 0.119447 0.033123 0.647562 0.347174 -0.026400 0.758048 0.145414 0.558490 0.213934 0.209062 0.545609 -0.304489 0.357787 0.218989 0.439128 0.045694 0.581964 0.172219 0.430933 0.729427 0.692277 0.767774 -0.176862 -0.055794 0.168814 0.082504
-0.177345 -0.004083 -0.336869 -0.356598 -0.666306 -0.291526 -0.629234 -0.459565 -0.556795 -0.178356 0.081022 -0.072662 -0.766390 -0.234158 -0.527731 -0.116589 -0.626846 -0.146171 -0.698244 -0.068126 -0.494584 -0.522534 -0.286894 -0.374438 -0.442028 -0.424322 -0.101592 -0.712267 0.314610 -0.080548 -0.691361 -0.702209
-0.356699 -0.250337 -0.613659 -0.425154 -0.574363 -0.566830 -0.684594 0.036594 -0.453937 -0.399256 0.074774 -0.000062 -0.756960 -0.308238 -0.773482 -0.440282 -0.508691 -0.206842 -0.702289 -0.517305 -0.407963 -0.343832 -0.253726 -0.424872 -0.770531 -0.290742 -0.388989 -0.365163 -0.227161 -0.393983 -0.701881 -0.131726
0.654987 -0.254920 0.221146 0.250012 0.445022 0.405351 0.586261 -0.323010 0.627610 0.669903 -0.238087 0.604467 0.081055 0.702505 0.503351 0.681882 0.418023 -0.218831 0.276030 0.658133 0.311922 0.329262 0.091693 0.076919 0.265240 0.271404 0.056821 0.686193 -0.279157 -0.022545 0.322314 0.288070
0.423640
0.425376
0.406040
-0.358486
0.398480
-0.365722
-0.323758
0.371227
0.877933 0.336201 1.226120 -0.403273 -0.257958 -0.022479 -0.343685 1.120162
0.495887 0.905274 0.681413 -0.135291 0.549249 -0.081283 -0.034740 0.451738
0.472282
0.569647
