The weights of three layers MLP
32 8
-0.083410 0.624116 0.184837
0.135791 0.132075 0.537435
0.372174 0.206520 0.281328
-0.042221 0.396742 0.089244
0.244611 0.347398 0.326521
0.480859 0.496635 -0.086643
-0.434161 -0.256678 -0.307162
0.341716 -0.006870 0.275643
0.188585 0.236508 0.352064
0.496350 0.222160 -0.042140
0.036178 0.401182 0.265581
0.407683 0.252575 0.531849
-0.007776 0.600666 0.497586
-0.038043 0.042329 0.609266
0.353188 0.522536 0.354896
0.428219 0.486144 0.305878
0.340438 -0.090398 0.446891
0.380236 0.148578 0.384306
0.582549 0.452142 0.212963
0.060717 0.202595 0.424742
0.044063 -0.017375 -0.219635
0.508210 -0.129108 0.324955
0.466084 0.478570 0.211210
0.476019 0.386211 0.175395
-0.124818 0.121007 0.555330
0.045299 -0.050265 0.548761
-0.076680 0.004158 0.566545
-0.073320 0.532441 0.361096
0.418082 0.367230 0.120417
0.265818 0.401318 0.098927
0.219968 -0.051136 0.498665
0.496003 0.059073 -0.013880
0.202174
0.182878
0.246359
0.233266
0.174260
0.188718
-0.144246
0.336734
0.239132
0.226553
0.121370
0.121447
0.121438
0.164149
0.133231
0.089909
0.241878
0.181837
0.204396
0.281346
-0.113306
0.197368
0.161284
0.181894
0.234099
0.176372
0.209275
0.229716
0.153857
0.238331
0.193794
0.275270
0.864878 0.776030 0.657137 0.649505 0.390603 0.418191 -0.112301 0.500059 0.678976 0.104408 0.591231 0.430683 0.175345 0.142535 0.548549 0.735504 0.298132 0.817376 0.445257 0.217837 0.335770 0.341216 0.627226 0.701118 0.401013 0.212182 0.425752 0.641793 0.461913 0.724323 0.193736 0.615295
0.199508 0.439569 0.750830 0.278000 0.387437 0.704865 0.191367 0.461901 0.196085 0.269662 0.209285 0.230507 0.654909 0.895854 0.768642 0.306538 0.390684 0.450075 0.544777 0.561397 0.117821 0.318012 0.753184 0.225934 0.614410 0.312487 0.229522 0.863732 0.832503 0.234999 0.881227 0.626670
-0.276687 -0.678294 -0.396238 -0.169420 -0.677353 -0.739984 -0.259883 -0.365429 -0.526566 -0.088916 -0.643378 -0.467679 -0.160375 -0.693970 -0.378692 -0.024361 -0.807336 -0.511661 -0.228821 -0.654820 0.055543 -0.556171 -0.639185 -0.438046 -0.189145 -0.330578 -0.672508 -0.749773 -0.437218 -0.784518 -0.243305 -0.597352
0.183403 0.186801 0.867165 0.907612 0.529369 0.225409 -0.117696 0.853543 0.355476 0.697114 0.695575 0.237586 0.757526 0.561767 0.448466 0.159777 0.846519 0.204067 0.580310 0.469341 0.222813 0.792397 0.151620 0.635987 0.478176 0.247012 0.223877 0.346844 0.140228 0.671532 0.642573 0.150558
-0.238595 -0.654683 -0.174039 -0.595221 -0.498354 -0.656884 0.210373 -0.705777 -0.299891 -0.635704 -0.309363 -0.154640 -0.638567 -0.147180 -0.672116 -0.145500 -0.288300 -0.777418 -0.485779 -0.630286 -0.186626 -0.505740 -0.445912 -0.445724 -0.260493 -0.474937 -0.492410 -0.213823 -0.127937 -0.559509 -0.577655 -0.443834
-0.603432 -0.770324 -0.399759 -0.311345 -0.696270 -0.643649 -0.123157 -0.213530 -0.799000 -0.803937 -0.193441 -0.206274 -0.675705 -0.603986 -0.505926 -0.174944 -0.723552 -0.562070 -0.729574 -0.385732 0.037037 -0.157931 -0.609915 -0.079722 -0.229124 -0.820755 -0.553688 -0.764570 -0.001723 -0.078935 -0.543883 -0.573149
0.859987 0.330958 0.589247 0.317746 0.799401 0.263077 -0.240683 0.562018 0.632881 0.491863 0.297995 0.521705 0.276496 0.447100 0.278846 0.452171 0.173124 0.294134 0.254276 0.551540 0.005298 0.335486 0.300750 0.369970 0.870730 0.478470 0.415015 0.469858 0.706905 0.490478 0.164557 0.784513
-0.214406 -0.794125 -0.365407 -0.210978 -0.354064 -0.273935 0.064507 -0.535259 -0.223185 -0.325197 -0.295503 -0.656179 -0.817733 -0.156077 -0.571685 -0.707815 -0.623810 -0.188692 -0.285541 -0.221127 -0.560435 -0.603664 -0.814820 -0.366697 -0.283051 -0.371238 -0.428759 -0.286091 -0.429571 -0.486956 -0.512435 -0.649244
0.396096
0.407735
-0.373231
0.434613
-0.404169
-0.354875
0.418946
-0.407412
1.004999 0.739617 -0.434647 1.008401 -0.093943 -0.077587 0.170344 -0.469738
1.061416 0.819429 -0.468485 0.506870 -0.544864 -0.490803 1.061373 0.030544
0.578795
0.562825
