The weights of three layers MLP
32 8
0.068361 0.035892 0.263616
-0.088643 -0.098714 0.359462
0.115628 -0.059813 -0.342692
0.438615 0.457755 0.169893
0.305881 0.153491 -0.088689
-0.040393 0.114485 0.282087
0.492789 -0.212843 0.376508
0.188995 -0.038087 -0.106092
0.223136 -0.031992 0.130370
-0.028448 -0.056265 0.576071
0.303364 -0.012213 0.315293
0.096525 -0.016580 0.463960
-0.402440 0.278907 0.376054
-0.015187 -0.046582 0.325956
0.292023 0.101331 -0.308446
0.294569 -0.223787 0.272409
0.293518 -0.251454 0.398789
-0.031037 0.086849 0.104433
-0.498773 0.185634 0.062690
0.098016 0.272480 0.213641
-0.153426 -0.050202 0.069581
0.085464 0.279325 -0.055073
0.099528 -0.391761 0.149153
0.044153 -0.449919 -0.195991
0.429716 -0.060546 -0.229805
0.521001 -0.062032 0.480717
0.164287 0.243690 0.444400
-0.023576 0.003798 0.466357
-0.118686 -0.050914 0.133039
-0.216010 -0.341620 -0.354934
0.066536 0.404244 0.432671
0.131217 0.347354 0.402690
0.232983
0.285719
-0.228682
0.092964
0.138227
-0.071453
0.123221
0.118721
-0.017195
0.243432
0.021520
0.173328
0.010673
0.108260
-0.074228
0.165803
0.022374
0.269998
-0.116821
0.156500
0.258575
0.193832
-0.218326
-0.099341
0.129116
0.131240
0.141333
0.214821
-0.157397
-0.094498
0.138732
0.153332
-0.237658 -0.481475 0.191908 -0.145911 -0.124938 -0.048128 -0.432590 0.141077 0.074741 -0.411835 0.017999 -0.249892 0.071496 -0.511097 -0.114397 -0.208474 -0.435984 0.063292 0.113918 -0.503100 -0.436776 0.066390 -0.062122 -0.362075 0.162216 0.011086 0.081059 -0.164266 0.045383 0.062497 -0.526369 -0.050631
0.500537 0.150791 0.008525 0.495303 0.444186 0.202473 0.214410 -0.174100 -0.069388 0.572220 0.131094 0.488001 0.011496 0.409311 -0.124143 0.312418 0.276851 0.410259 0.167949 0.573604 0.306981 0.246275 0.269487 0.068222 0.416216 0.299571 0.031869 0.040694 -0.152808 -0.170573 0.380038 0.027159
0.429528 0.556794 0.020246 0.365251 0.104999 0.283918 0.192720 0.471564 0.305690 0.331025 0.331045 0.492745 0.458940 -0.075145 -0.079024 0.530806 0.215922 0.334114 -0.018609 0.338977 0.392043 0.585409 0.402045 0.104398 0.413161 0.097364 0.370981 0.209676 0.059515 0.350928 -0.120135 0.399248
0.069684 -0.575069 -0.244492 -0.425673 -0.492908 -0.521710 -0.414939 -0.002692 -0.229655 0.079981 -0.358561 0.097870 0.159714 0.126652 -0.343957 0.199674 -0.167664 -0.379481 0.223683 -0.120874 -0.486936 -0.580351 0.154914 -0.102065 -0.129067 -0.190477 -0.418055 -0.503427 0.199262 -0.331663 -0.328017 -0.239593
0.457553 0.442730 -0.167242 0.046658 0.352820 -0.076482 -0.117416 -0.000784 0.536166 0.477112 0.226768 0.590703 0.292022 0.042859 0.183422 0.209943 0.073356 0.517501 0.151748 0.034076 0.352236 0.438119 0.079397 -0.166375 0.052887 0.296391 0.400363 0.609211 0.192447 -0.122724 -0.118832 -0.171758
0.061875 -0.095895 -0.158624 0.456599 0.127316 -0.093744 0.529881 0.558129 -0.146901 -0.003288 0.077408 -0.019165 0.183238 0.039957 -0.059577 0.542766 -0.095795 0.313559 -0.198023 0.186332 0.638820 0.195465 -0.179218 -0.226471 0.166109 0.495958 0.235269 0.567770 -0.124895 -0.215452 0.219911 0.529234
-0.577486 -0.054877 -0.435697 0.144051 -0.312744 -0.559506 -0.131202 -0.258979 -0.381659 -0.491443 -0.430214 -0.265692 -0.560466 0.066241 -0.076171 -0.495845 0.117946 -0.288866 0.239171 -0.078264 -0.500473 -0.256219 0.136966 -0.327431 -0.267289 0.079060 0.090395 0.054654 0.064368 -0.013788 0.016019 -0.215170
-0.298679 -0.599315 -0.361557 -0.196931 -0.134433 0.055102 -0.304627 -0.385724 -0.536638 -0.158351 0.181112 -0.009153 0.015808 -0.291061 0.148445 -0.206597 0.149665 -0.171511 -0.345578 -0.120484 -0.326344 -0.400838 0.060213 0.076424 -0.429545 0.188282 -0.224900 -0.540501 -0.227741 -0.122215 -0.034436 -0.328518
-0.218411
0.171154
0.170960
-0.183215
0.206654
0.215786
-0.191535
-0.184225
0.326931 0.426379 0.386924 -0.373828 0.461610 0.796436 -0.408022 0.083424
-0.608108 0.893868 0.468781 -0.624869 0.630386 0.947094 0.077476 -0.178207
0.221532
0.203299
