The weights of three layers MLP
32 8
0.000600 -0.146002 -0.035199
0.305547 0.269533 0.509549
-0.393731 -0.440711 -0.210986
-0.321825 -0.406035 0.294777
0.303311 -0.260464 0.035349
0.347623 0.206643 0.336167
0.396679 -0.186541 0.481880
0.428981 -0.181696 0.162713
0.011215 -0.094695 0.538920
0.126848 0.022022 -0.133953
0.478682 0.318109 -0.175441
0.368182 0.421136 0.290724
-0.217261 -0.288168 -0.365416
-0.122524 0.310041 0.344324
0.101148 0.141714 0.085341
0.021553 0.261033 0.180376
-0.014590 0.062259 -0.049040
0.032262 0.456572 0.490579
-0.366579 -0.173013 0.004698
0.127850 -0.167860 0.403236
-0.110342 0.124618 0.166813
-0.037100 0.407059 -0.190637
0.465432 -0.198953 0.371806
0.468158 0.400092 0.279677
0.338645 0.191484 0.329988
0.066908 -0.251584 -0.480486
0.339365 -0.028748 0.165051
0.089105 -0.141328 0.134761
-0.115007 0.335352 0.255854
-0.227248 0.140304 -0.217906
0.111407 0.231467 0.277784
-0.087782 -0.118520 -0.121097
-0.133499
0.101116
-0.091851
-0.033244
0.139560
0.018328
0.103418
0.052692
0.204017
0.162884
0.166799
0.069556
0.021094
0.269650
0.042173
0.131113
0.156517
0.130150
-0.096116
0.039160
0.219353
0.191411
0.110064
0.087642
0.099206
-0.102786
0.147927
0.242032
0.098117
0.036409
0.098784
0.244352
0.203836 -0.430376 -0.086986 0.221583 0.102950 -0.191802 -0.431564 -0.017228 -0.057374 -0.463126 -0.472602 0.021021 -0.445551 -0.116138 0.166049 -0.364038 -0.326528 -0.269251 -0.473410 0.079699 -0.586143 -0.598548 -0.358524 0.170457 -0.524146 -0.020178 -0.302125 -0.289138 -0.183402 -0.519033 -0.318733 -0.273539
-0.063149 0.158068 -0.028489 -0.013234 0.376614 0.173089 0.239471 0.361761 0.353907 -0.094856 0.390612 0.140702 -0.071044 0.476167 -0.269746 -0.115126 -0.137168 0.275734 -0.178612 0.239382 -0.011930 -0.149081 -0.013625 0.129028 0.044483 -0.072670 0.281422 0.363878 -0.242557 -0.273083 0.261226 0.279118
-0.183231 0.053852 -0.130802 0.188241 0.239066 0.238809 0.223633 -0.055943 -0.302529 -0.175716 -0.118227 -0.230024 -0.039864 -0.508489 0.104100 0.075962 -0.057397 -0.130196 0.202956 0.003454 -0.403406 -0.392482 0.146561 -0.188179 -0.009026 -0.022079 -0.127893 -0.105260 -0.135915 0.027053 0.102108 0.184444
0.247444 0.558380 0.214983 0.323791 0.000222 -0.011734 0.448955 -0.083594 0.566914 0.345786 -0.188559 -0.047082 -0.084793 0.481142 0.429360 0.569857 0.039801 0.327558 0.164617 -0.141813 -0.072467 0.440254 0.462174 0.004760 0.463541 0.082742 0.221464 0.344001 0.463288 0.367224 -0.063760 0.145875
-0.185459 0.240265 -0.135256 0.063470 0.398994 -0.055416 -0.050133 0.158702 0.387262 0.568702 0.118958 0.165328 0.014918 0.367207 0.442525 0.558575 -0.148986 0.438052 -0.078022 -0.067829 0.029542 0.559272 0.179466 0.471537 0.274280 0.199178 0.180369 0.139281 0.335818 0.074812 0.039755 0.596048
0.288057 0.462803 -0.168547 -0.080206 0.417064 0.037926 0.210012 0.144442 0.220187 -0.112545 0.296629 0.019416 0.171643 0.076617 0.331818 -0.191059 0.546443 -0.137951 -0.239015 0.473693 0.563334 0.502814 0.193920 0.290553 0.177665 -0.029389 -0.066045 0.509359 0.464902 -0.131827 0.445960 -0.149119
0.036799 0.514326 -0.281369 -0.072372 0.444905 0.442890 -0.096149 0.146864 0.376079 0.517018 0.265863 0.539385 0.055123 0.367024 0.072793 0.451241 0.387942 0.354638 -0.068339 0.050386 -0.029260 0.319575 0.281038 -0.042997 0.293876 -0.150380 0.244793 0.594518 -0.052615 0.077027 0.083794 0.570229
-0.218737 0.363440 -0.115233 0.215990 0.250483 0.039925 0.505171 0.548529 -0.047223 0.344236 0.202790 0.513157 -0.236679 0.514104 0.203446 -0.086974 0.137971 0.300900 -0.132982 0.558699 0.421391 0.378720 -0.061722 0.545040 0.379901 0.388816 0.400424 0.615122 0.221916 -0.103404 0.166289 0.364917
-0.170671
0.096279
-0.132874
0.179682
0.170743
0.177495
0.157611
0.182778
-0.093392 0.931417 0.693433 0.223764 0.125780 0.054012 0.101119 0.652366
-0.507852 -0.284766 -0.626988 0.720785 0.893772 0.866031 0.949970 0.343477
0.237634
0.190181
