The weights of three layers MLP
32 8
0.338373 -0.081889 -0.391333
0.234393 0.250197 0.263470
-0.134650 0.458777 0.427138
-0.028265 0.302152 0.377465
-0.314961 -0.192012 -0.415985
0.428512 0.024559 0.443635
-0.300820 0.244419 0.234653
0.129935 0.387421 -0.226856
0.515675 0.017937 -0.079030
0.133644 0.462408 -0.255039
0.029965 0.384291 0.458593
0.235376 0.242033 0.461863
0.214629 -0.302385 0.152663
0.294888 0.076882 -0.027375
0.497633 0.471806 -0.212817
0.373425 0.461271 0.139238
-0.329673 -0.322466 0.026999
0.115968 0.235812 0.331583
-0.079380 -0.203563 0.128290
-0.022261 0.034589 -0.109641
0.203632 0.332342 0.497815
0.025859 0.417418 0.463113
0.018353 -0.061027 -0.152991
0.351385 -0.158839 0.394682
0.142151 0.136759 -0.057937
-0.132249 0.456797 0.097931
0.042392 0.212594 0.126454
0.171032 0.387396 -0.064898
0.142366 -0.150050 0.325636
-0.372813 -0.014091 0.225811
0.017246 -0.138971 0.517821
0.196863 0.302447 -0.168518
-0.026718
0.172124
0.177808
0.192686
-0.062486
0.080539
-0.109667
0.172921
0.117341
0.073105
0.119459
0.114879
0.045406
0.171427
0.093457
0.102048
-0.092763
0.135552
-0.118502
0.238608
0.119050
0.118024
0.032827
0.137537
0.136005
0.238519
0.149141
0.124735
0.174054
-0.115614
0.221288
0.152580
0.385894 -0.155003 0.575167 0.578826 -0.118526 0.288413 0.455030 -0.024492 -0.022014 0.252163 0.299065 0.416178 0.048510 0.144313 0.434309 0.030265 0.351179 0.012185 0.143890 0.127049 0.102201 0.530565 -0.183363 0.213096 -0.178433 0.534469 0.112888 0.394437 0.491673 0.265924 -0.076964 0.079848
-0.117565 0.226751 0.279017 0.392891 0.080578 0.529532 0.065251 0.506509 0.194281 -0.137019 0.554084 0.104648 0.114712 0.329463 0.250545 0.141455 0.125931 -0.023898 -0.080468 0.283458 0.472873 0.544473 0.521125 0.019544 0.190070 0.529777 -0.173159 -0.106899 0.173682 -0.140151 -0.116943 0.322423
-0.176553 0.048303 -0.270566 -0.419578 -0.112675 -0.096536 -0.052745 -0.406030 0.095575 -0.011574 -0.408075 -0.061760 -0.451008 -0.056167 -0.183727 -0.157714 -0.102426 -0.048399 -0.357097 -0.322125 -0.112249 -0.512372 0.145693 -0.405415 -0.036700 -0.259379 -0.417844 -0.028663 -0.122702 0.022627 -0.242192 -0.397492
-0.054718 0.200850 0.269489 0.004736 0.101547 -0.045890 -0.045145 0.115651 0.390344 -0.098568 0.039563 0.327768 -0.057422 0.322307 -0.123043 -0.006952 -0.202182 0.392888 0.019756 0.303058 0.346401 0.062424 -0.044399 0.045862 0.317479 0.324607 0.260749 0.198973 0.462371 -0.103954 0.217677 0.446631
0.515850 0.138535 0.256943 -0.066025 -0.224400 -0.162954 -0.153428 0.284615 -0.138589 0.445480 0.109301 0.427057 0.410467 0.395520 0.351277 0.071093 0.049290 -0.066788 -0.092564 -0.045742 -0.168651 0.398850 0.307825 0.530787 0.323628 0.022620 0.430481 0.030604 0.194021 -0.004608 0.073671 -0.186430
0.178494 -0.266112 -0.568907 -0.058766 0.142519 -0.538622 -0.288107 -0.394571 -0.088468 -0.254433 -0.028234 -0.222382 0.007895 -0.010032 -0.384086 -0.359038 -0.284885 -0.251809 0.029562 0.093380 -0.181209 -0.150299 0.161338 -0.455383 0.087277 0.046898 -0.035246 -0.259844 -0.214458 -0.199361 -0.514688 -0.473362
0.166515 0.031672 -0.453789 -0.370755 0.072835 0.046791 0.210608 -0.407913 -0.333798 -0.476094 0.098601 0.136761 0.170393 -0.201482 0.133119 -0.347345 0.138370 0.147516 0.095856 -0.173544 0.131428 -0.318719 -0.056813 -0.521659 0.077222 -0.557916 -0.050298 -0.069168 -0.572269 0.177975 -0.290737 -0.271409
-0.290242 -0.166617 -0.442548 -0.345933 0.103092 -0.284790 -0.336849 0.057491 -0.128791 -0.062625 -0.482910 -0.435283 -0.200019 -0.060270 0.098673 0.032945 0.072015 -0.452598 -0.214446 -0.461454 -0.008051 -0.193192 0.143160 0.168151 -0.333544 0.031288 -0.359720 -0.527062 -0.417807 -0.442401 -0.369631 -0.153750
0.179840
0.171207
-0.165884
0.193575
0.192631
-0.164661
-0.189997
-0.159782
-0.335973 0.790291 0.477460 0.894756 0.537520 0.159021 -0.462045 0.246637
0.278546 0.714326 -0.323037 0.558728 0.388753 -0.682809 -0.123329 -0.385957
0.165622
0.181999
