The weights of three layers MLP
32 8
0.518175 0.061422 0.271908
0.626236 0.160828 -0.101023
0.155791 0.225582 0.238329
0.217934 0.513043 -0.037406
0.042702 0.569726 0.362199
0.001795 0.430875 0.324626
0.177255 0.056140 0.135383
0.602282 -0.099255 0.099229
0.488426 0.235804 -0.008102
-0.595960 0.170639 -0.239315
-0.180641 -0.521631 -0.465107
0.214051 0.511833 -0.218276
0.039025 0.232434 0.586978
0.176617 0.015811 0.370609
0.471938 0.368764 -0.156537
0.635620 -0.004113 0.051622
0.491463 0.050093 0.544442
0.569696 0.185801 0.494637
0.004125 -0.081726 -0.199841
-0.058214 0.363894 0.686408
0.065480 0.520444 0.063051
0.000049 0.174693 0.402591
0.146567 0.487130 0.013604
0.322653 0.371852 0.285170
0.432518 0.269270 0.000296
0.436133 0.389699 -0.086284
-0.137926 0.611720 0.339142
0.534077 0.057232 0.099398
0.555084 -0.104301 0.266705
0.546358 -0.102497 0.314657
0.605985 0.184139 0.251822
0.537924 0.264194 -0.143168
0.117125
0.224198
0.340165
0.215208
0.178647
0.204403
0.034196
0.210684
0.205500
-0.169939
-0.046960
0.085905
0.171645
0.202058
0.167438
0.247321
0.223788
0.194095
-0.226547
0.153197
0.175667
0.092608
0.306549
0.086340
0.223471
0.226810
0.178409
0.147108
0.153776
0.160294
0.151678
0.212000
-0.006537 0.187531 0.550473 0.760827 0.442421 0.771866 0.093071 0.598313 0.096591 -0.079666 0.090091 0.088665 0.396160 0.097723 0.449367 0.386668 0.377342 0.634758 0.124141 0.468535 0.063492 0.210394 0.373220 0.294072 0.443076 0.743658 0.227527 0.587208 0.734076 0.406531 0.107241 0.683010
0.455262 0.378218 0.725112 0.502794 0.142305 0.473580 0.697307 0.627552 0.691323 0.112691 0.264992 -0.015691 0.119533 0.490699 0.162070 0.217570 0.233784 0.307749 -0.115236 0.185543 0.296164 0.482042 0.461619 0.443299 0.659157 0.204851 0.356799 0.129205 0.625602 0.627916 0.596268 0.463532
0.396986 0.265801 0.658830 0.459038 0.476592 0.291131 0.541852 0.415033 0.274011 -0.275306 -0.242443 -0.044348 0.329132 0.715303 -0.066665 0.559684 0.374664 0.629529 0.239151 0.150402 -0.031781 0.500674 0.669859 0.322549 0.318674 0.298730 0.073774 0.603444 -0.060353 0.475212 0.224405 0.215144
0.384050 0.303701 0.555993 0.072996 0.452823 0.238615 0.301801 0.120290 0.485834 -0.019986 -0.213497 0.479618 0.318546 0.541832 0.126516 0.457243 0.615861 0.729265 -0.120724 0.149001 0.125330 0.262352 0.430620 0.025117 0.665706 0.237859 0.027187 0.359313 0.031113 -0.027541 0.496433 0.602832
0.446082 0.398183 0.129721 0.495819 0.348050 0.057612 0.713288 0.440774 0.679154 0.345911 -0.178816 0.510605 0.368057 0.786272 0.267927 0.400182 0.151139 0.115508 0.479466 0.616404 0.418709 0.451857 0.544719 0.511751 0.461236 0.679921 0.650894 0.426476 0.299110 0.209394 0.447658 0.211170
0.001575 -0.723724 -0.521290 -0.491779 -0.150682 -0.614761 0.039003 0.015876 -0.534575 0.292974 0.384236 -0.427541 -0.272990 -0.592696 -0.468911 -0.602065 -0.496274 -0.010578 -0.424273 -0.488459 -0.656326 -0.510626 -0.572994 -0.651304 -0.485161 -0.198628 -0.352778 -0.105942 0.023355 -0.451394 0.019536 -0.537183
0.136743 0.465569 0.816079 0.674026 0.679922 0.600929 -0.032546 0.435994 0.710465 -0.084183 -0.079828 0.464029 0.086285 0.647226 0.177448 0.397850 0.232777 0.583547 -0.208755 0.396481 0.228803 0.039155 0.467132 0.229532 0.267842 0.341265 0.489973 0.043125 0.573106 0.259476 0.437744 0.423458
0.725021 0.108099 0.721307 0.168713 0.086491 0.299901 0.288981 0.307656 0.316822 -0.228933 -0.350420 0.350719 0.670377 0.099568 0.736740 0.636202 0.341865 0.445089 -0.053946 0.092302 0.682116 0.345936 0.613638 0.024565 0.666012 0.219373 0.692528 0.496978 0.286839 0.330538 0.358872 0.450951
0.333952
0.306347
0.202778
0.301681
0.324895
-0.275049
0.310363
0.320641
1.202671 0.411231 1.016379 0.000251 0.398197 0.096564 0.557233 1.352892
1.107320 0.986446 -0.037027 1.147461 0.734960 -0.675116 1.325161 0.911484
0.639252
0.566440
